shape
init 1
xInit =

   71.0000
   58.0000
   70.0000
   98.0000
  127.0000
  144.0000
  156.0000
  174.0000
  181.0000
  220.0000
  254.0000
  272.0000
  239.0000
  195.0000
  127.0000
   76.0000


yInit =

  210.0000
  164.0000
   95.0000
   59.0000
   86.0000
  130.0000
  150.0000
   98.0000
   48.0000
   86.0000
  131.0000
  212.0000
  270.0000
  252.0000
  282.0000
  259.0000

init 2

xInit =

   74.0000
   45.0000
   81.0000
  126.0000
  152.0000
  165.0000
  236.0000
  277.0000
  189.0000
   80.0000


yInit =

  195.0000
  119.0000
   59.0000
   90.0000
  143.0000
   58.0000
   92.0000
  201.0000
  257.0000
  278.0000

Star

xInit =

   24.0000
  146.0000
  198.0000
  266.0000
  397.0000
  304.0000
  334.0000
  209.0000
   81.0000
  111.0000


yInit =

  130.0000
  123.0000
    5.0000
  132.0000
  144.0000
  239.0000
  374.0000
  301.0000
  374.0000
  233.0000

Init 1
xInit =

   17.0000
  102.0000
  149.0000
  170.0000
  197.0000
  257.0000
  268.0000
  337.0000
  403.0000
  337.0000
  300.0000
  325.0000
  342.0000
  259.0000
  211.0000
  144.0000
   88.0000
   83.0000
  106.0000
   54.0000


yInit =

  128.0000
  127.0000
  120.0000
   62.0000
   10.0000
   80.0000
  130.0000
  142.0000
  151.0000
  215.0000
  238.0000
  307.0000
  377.0000
  339.0000
  302.0000
  351.0000
  380.0000
  328.0000
  235.0000
  193.0000

vase

xInit =

   51.9405
   68.9083
   62.1919
   87.9972
  139.6078
  132.1843
  154.1011
  131.4773
   90.1181
   64.6664


yInit =

  111.6749
   67.1342
   38.5009
   22.2401
   35.6730
   61.8318
  108.4934
  144.1966
  149.8526
  139.2476
dent

xInit =

   71.0000
   76.0000
   57.0000
   84.0000
  129.0000
  200.0000
  284.0000
  386.0000
  428.0000
  427.0000
  382.0000
  300.0000
  248.0000
  191.0000
  148.0000
  110.0000


yInit =

  321.0000
  275.0000
  230.0000
  163.0000
  137.0000
   53.0000
   43.0000
  141.0000
  196.0000
  341.0000
  267.0000
  143.0000
   93.0000
  162.0000
  280.0000
  332.0000

capture 2

xInit =

   60.0000
   63.0000
   61.0000
  116.0000
  190.0000
  292.0000
  365.0000
  419.0000
  436.0000
  243.0000


yInit =

  325.0000
  274.0000
  196.0000
  142.0000
   46.0000
   37.0000
  112.0000
  184.0000
  333.0000
  330.0000


brain
outershell 


xInit =

   66.0000
  113.0000
  252.0000
  408.0000
  420.0000
  320.0000
  145.0000


yInit =

  322.0000
  111.0000
   26.0000
  107.0000
  362.0000
  495.0000
  477.0000

inner part 


xInit =

  137.0000
  100.0000
  123.0000
  161.0000
  213.0000
  245.0000
  289.0000
  338.0000
  390.0000
  354.0000
  240.0000


yInit =

   417
   341
   212
   172
   190
   113
   190
   178
   289
   403
   457

right eye

xInit =

  298.1070
  282.4938
  293.6461
  336.0247
  337.5117


yInit =

  172.6166
  137.6728
  100.4986
  105.7030
  147.3381

